[default_wallpaper.jpg]
filters=HeatMap=1,-68.421051,0.000000;
moddate=005cabdb79dbcf01
width=720
height=1280
textactive=0
